18.0
36.0
36.0
8.0
72.0
8.0
8.0
72.0
16.0
288.0
32.0
16.0
288.0
91.0
2329.03125
258.78125
91.0
2329.03125
258.78125
2329.03125
258.78125
2329.03125
258.78125
2329.03125
258.78125
2329.03125
258.78125
2329.03125
258.78125
2329.03125
258.78125
2329.03125
258.78125
2329.03125
258.78125
2329.03125
258.78125
2329.03125
258.78125
2329.03125
258.78125
2329.03125
258.78125
2329.03125
258.78125
2329.03125
258.78125
2329.03125
258.78125
2329.03125
258.78125
2329.03125
258.78125
2329.03125
258.78125
2329.03125
258.78125
2329.03125
258.78125
2329.03125
258.78125
2329.03125
258.78125
2329.03125
258.78125
2329.03125
258.78125
2329.03125
364.0
364.0
4608.0
768.0
10368.0
1536.0
1.0