18.0
18.0
36.0
5.0
108.0
6.0
4.5
100.0
6.0
54.0
54.0
27.0
8.0
6.0
100.0
8.0
54.0
54.0
72.0
9.0
6.75
100.0
9.0
54.0
54.0
81.0
486.0
9.0
54.0
54.0
72.0
48.0
56.0
84.0
48.0
56.0
56.0
56.0
84.0
72.0
72.0
60.0
87.5
105.0
60.0
87.5
87.5
87.5
105.0
72.0
72.0
60.0
87.5
105.0
60.0
87.5
87.5
87.5
105.0
72.0
72.0
72.0
126.0
126.0
72.0
126.0
126.0
126.0
126.0
72.0
72.0
270.0
72.0
126.0
126.0
162.0
200.0
240.0
216.0
216.0
280.0
756.0
216.0
216.0
120.0
320.0
384.0
216.0
216.0
448.0
756.0
216.0
216.0
192.0
1.0
