36.0
4.0
36.0
16.0
16.0
8.0
36.0
16.0
32.0
8.0
36.0
16.0
32.0
8.0
36.0
16.0
32.0
8.0
36.0
16.0
32.0
8.0
36.0
16.0
32.0
8.0
36.0
16.0
32.0
8.0
36.0
16.0
32.0
8.0
36.0
16.0
32.0
8.0
36.0
16.0
32.0
8.0
36.0
16.0
32.0
8.0
36.0
16.0
32.0
8.0
36.0
16.0
32.0
8.0
36.0
16.0
32.0
32.0
32.0
8.0
36.0
16.0
32.0
16.0
72.0
32.0
64.0
32.0
72.0
32.0
128.0
32.0
72.0
32.0
128.0
32.0
72.0
32.0
128.0
32.0
72.0
32.0
128.0
32.0
72.0
32.0
128.0
32.0
72.0
32.0
128.0
32.0
72.0
32.0
128.0
32.0
72.0
32.0
128.0
32.0
72.0
32.0
128.0
32.0
72.0
32.0
128.0
128.0
128.0
32.0
72.0
32.0
128.0
64.0
288.0
128.0
256.0
128.0
288.0
128.0
512.0
128.0
288.0
128.0
512.0
128.0
288.0
128.0
512.0
128.0
288.0
128.0
512.0
128.0
288.0
128.0
512.0
128.0
288.0
128.0
512.0
128.0
288.0
128.0
512.0
512.0
512.0
128.0
288.0
128.0
512.0
256.0
1152.0
512.0
1024.0
512.0
1152.0
512.0
2048.0
512.0
1152.0
512.0
2048.0
1.0
