36.0
8.0
18.0
8.0
18.0
8.0
18.0
10.0
18.0
12.0
18.0
14.0
18.0
16.0
8.0
18.0
10.0
18.0
12.0
18.0
14.0
18.0
16.0
18.0
18.0
18.0
20.0
18.0
22.0
18.0
24.0
18.0
26.0
18.0
28.0
18.0
30.0
18.0
64.0
16.0
18.0
18.0
18.0
20.0
18.0
22.0
18.0
24.0
18.0
26.0
18.0
28.0
18.0
30.0
18.0
32.0
18.0
34.0
18.0
36.0
18.0
38.0
18.0
40.0
18.0
42.0
18.0
44.0
18.0
46.0
18.0
48.0
18.0
50.0
18.0
52.0
18.0
54.0
18.0
56.0
18.0
58.0
18.0
60.0
18.0
62.0
18.0
256.0
32.0
18.0
34.0
18.0
36.0
18.0
38.0
18.0
40.0
18.0
42.0
18.0
44.0
18.0
46.0
18.0
48.0
18.0
50.0
18.0
52.0
18.0
54.0
18.0
56.0
18.0
58.0
18.0
60.0
18.0
62.0
18.0
0.5